2388362699
804977
18299192
1110753350
1846383428
164002765
9878392
776272
49540783
14660508
24235439
2248281386
564919357
1948274179
1152041612
1081304588
49224358
1467654200
80857234
27593323
17641942
889731
133862194
14046899
17175915
104040196
73324757
371570420
969455894
156324002
18376998
26217021
18775970
6739542
281255998
16311301
15774458
15085125
69997934
19925822
801390
71927365
3424081
240689411
16078189
108830323
318594338
13124322
1406931
501625733
17762116
22365779
249917924
1356828774
8146902
14801386
18507076
27681447
29231624
818814
6765752
41939413
140405243
245793299
812735
14221119
5740542
38413208
159667620
71838992
144886053
14861089
84459857
20420439
34353491
393948851
520166838
47955325
46906972
14839346
20424503
14736053
245471222
16737259
16599077
539373321
39523301
158106306
186103476
553623040
125613823
400406909
14822688
197389609
480505660
39568261
15814929
24039261
32330716
15218844
298770349
307386080
2125001
154249812
14241467
3694781
16077219
17342264
143996342
399572978
10024702
14944803
15819485
176166635
18747173
251981835
19698700
15533902
344010459
608579269
2273461
15065470
879653750
5524952
15233605
811111
14496919
22979978
64189380
348857102
375030891
230606058
20112238
83317915
19293
19425645
901381578
16545188
386090170
19072617
189172997
62404063
19533646
15942078
15815396
634561664
17203538
19546993
18636456
30233103
20823485
573208642
93214758
56308603
83130752
17134355
5718392
43587002
3026521
25189066
79787504
269762871
17577422
23782910
13573
243856880
230248022
44156442
390302875
18801033
134004146
15925426
41794583
34496571
14438531
124054563
313941946
39189742
123410622
277552080
28903744
19525191
18309305
477232123
815026
28288744
15430115
44154107
62717636
51385850
142785265
21682551
3731781
17874310
8841582
4382071
102468767
100257660
804744
125754627
9595202
14852204
102622954
17143545
55214503
5810742
18237616
18623008
20188162
107989838
16011281
23470436
6907982
18516117
20502552
3909831
19368293
25580612
7107712
808904
9118092
15370061
811390
32355770
84690728
14348339
76358302
21207259
73127507
302112897
21146809
350464239
21179220
9179162
803890
202056969
6949992
149218363
44868750
31726464
15455135
4572751
14786753
25071814
1008751
15422838
14243958
36978644
14523323
16077836
15219365
775187
61583828
11414
66078520
774664
62407646
34945729
24731374
14582860
15221388
79776612
14640428
14234482
18640931
15001308
22634178
15290528
10439452
1281991
6203362
28591298
7609722
7192892
14864615
17727253
9687412
14346916
278235355
18608382
18650836
14626883
28336813
16453271
6499262
6570392
17878766
14328820
19654118
17927873
65037180
5727802
1005721
175946639
86358344
7811672
15169896
15329964
15160938
15908732
6833302
19075142
8945872
14472949
9686352
15159868
14681070
18518415
6773532
14303218
14665442
30008746
810662
7021362
808096
15148392
